0000 1 255
0001 1 255
0002 1 255
0003 1 255
0004 1 255
0005 1 255
0006 1 255
0007 1 255
0008 1 255
0009 1 255
000a 1 255
000b 1 255
000c 1 255
000d 1 255
000e 1 255
000f 1 255
0010 1 255
0011 1 255
0012 1 255
0013 1 255
0014 1 255
0015 1 255
0016 1 255
0017 1 255
0018 1 255
0019 1 255
001a 1 255
001b 1 255
001c 1 255
001d 1 255
001e 1 255
001f 1 255
0020 1 255
0021 1 255
0022 1 255
0023 1 255
0024 1 255
0025 1 255
0026 1 255
0027 1 255
0028 1 255
0029 1 255
002a 1 255
002b 1 255
002c 1 255
002d 1 255
002e 1 255
002f 1 255
0030 1 255
0031 1 255
0032 1 255
0033 1 255
0034 1 255
0035 1 255
0036 1 255
0037 1 255
0038 1 255
0039 1 255
003a 1 255
003b 1 255
003c 1 255
003d 1 255
003e 1 255
003f 1 255
0040 1 255
0041 1 255
0042 1 255
0043 1 255
0044 1 255
0045 1 255
0046 1 255
0047 1 255
0048 1 255
0049 1 255
004a 1 255
004b 1 255
004c 1 255
004d 1 255
004e 1 255
004f 1 255
0050 1 255
0051 1 255
0052 1 255
0053 1 255
0054 1 255
0055 1 255
0056 1 255
0057 1 255
0058 1 255
0059 1 255
005a 1 255
005b 1 255
005c 1 255
005d 1 255
005e 1 255
005f 1 255
0060 1 255
0061 1 255
0062 1 255
0063 1 255
0064 1 255
0065 1 255
0066 1 255
0067 1 255
0068 1 255
0069 1 255
006a 1 255
006b 1 255
006c 1 255
006d 1 255
006e 1 255
006f 1 255
0070 1 255
0071 1 255
0072 1 255
0073 1 255
0074 1 255
0075 1 255
0076 1 255
0077 1 255
0078 1 255
0079 1 255
007a 1 255
007b 1 255
007c 1 255
007d 1 255
007e 1 255
007f 1 255
0080 1 255
0081 1 255
0082 1 255
0083 1 255
0084 1 255
0085 1 255
0086 1 255
0087 1 255
0088 1 255
0089 1 255
008a 1 255
008b 1 255
008c 1 255
008d 1 255
008e 1 255
008f 1 255
0090 1 255
0091 1 255
0092 1 255
0093 1 255
0094 1 255
0095 1 255
0096 1 255
0097 1 255
0098 1 255
0099 1 255
009a 1 255
009b 1 255
009c 1 255
009d 1 255
009e 1 255
009f 1 255
00a0 1 255
00a1 1 255
00a2 1 255
00a3 1 255
00a4 1 255
00a5 1 255
00a6 1 255
00a7 1 255
00a8 1 255
00a9 1 255
00aa 1 255
00ab 1 255
00ac 1 255
00ad 1 255
00ae 1 255
00af 1 255
00b0 1 255
00b1 1 255
00b2 1 255
00b3 1 255
00b4 1 255
00b5 1 255
00b6 1 255
00b7 1 255
00b8 1 255
00b9 1 255
00ba 1 255
00bb 1 255
00bc 1 255
00bd 1 255
00be 1 255
00bf 1 255
00c0 1 255
00c1 1 255
00c2 1 255
00c3 1 255
00c4 1 255
00c5 1 255
00c6 1 255
00c7 1 255
00c8 1 255
00c9 1 255
00ca 1 255
00cb 1 255
00cc 1 255
00cd 1 255
00ce 1 255
00cf 1 255
00d0 1 255
00d1 1 255
00d2 1 255
00d3 1 255
00d4 1 255
00d5 1 255
00d6 1 255
00d7 1 255
00d8 1 255
00d9 1 255
00da 1 255
00db 1 255
00dc 1 255
00dd 1 255
00de 1 255
00df 1 255
00e0 1 255
00e1 1 255
00e2 1 255
00e3 1 255
00e4 1 255
00e5 1 255
00e6 1 255
00e7 1 255
00e8 1 255
00e9 1 255
00ea 1 255
00eb 1 255
00ec 1 255
00ed 1 255
00ee 1 255
00ef 1 255
00f0 1 255
00f1 1 255
00f2 1 255
00f3 1 255
00f4 1 255
00f5 1 255
00f6 1 255
00f7 1 255
00f8 1 255
00f9 1 255
00fa 1 255
00fb 1 255
00fc 1 255
00fd 1 255
00fe 1 255
00ff 1 255
0100 1 255
0101 1 255
0102 1 255
0103 1 255
0104 1 255
0105 1 255
0106 1 255
0107 1 255
0108 1 255
0109 1 255
010a 1 255
010b 1 255
010c 1 255
010d 1 255
010e 1 255
010f 1 255
0110 1 255
0111 1 255
0112 1 255
0113 1 255
0114 1 255
0115 1 255
0116 1 255
0117 1 255
0118 1 255
0119 1 255
011a 1 255
011b 1 255
011c 1 255
011d 1 255
011e 1 255
011f 1 255
0120 1 255
0121 1 255
0122 1 255
0123 1 255
0124 1 255
0125 1 255
0126 1 255
0127 1 255
0128 1 255
0129 1 255
012a 1 255
012b 1 255
012c 1 255
012d 1 255
012e 1 255
012f 1 255
0130 1 255
0131 1 255
0132 1 255
0133 1 255
0134 1 255
0135 1 255
0136 1 255
0137 1 255
0138 1 255
0139 1 255
013a 1 255
013b 1 255
013c 1 255
013d 1 255
013e 1 255
013f 1 255
0140 1 255
0141 1 255
0142 1 255
0143 1 255
0144 1 255
0145 1 255
0146 1 255
0147 1 255
0148 1 255
0149 1 255
014a 1 255
014b 1 255
014c 1 255
014d 1 255
014e 1 255
014f 1 255
0150 1 255
0151 1 255
0152 1 255
0153 1 255
0154 1 255
0155 1 255
0156 1 255
0157 1 255
0158 1 255
0159 1 255
015a 1 255
015b 1 255
015c 1 255
015d 1 255
015e 1 255
015f 1 255
0160 1 255
0161 1 255
0162 1 255
0163 1 255
0164 1 255
0165 1 255
0166 1 255
0167 1 255
0168 1 255
0169 1 255
016a 1 255
016b 1 255
016c 1 255
016d 1 255
016e 1 255
016f 1 255
0170 1 255
0171 1 255
0172 1 255
0173 1 255
0174 1 255
0175 1 255
0176 1 255
0177 1 255
0178 1 255
0179 1 255
017a 1 255
017b 1 255
017c 1 255
017d 1 255
017e 1 255
017f 1 255
0180 1 255
0181 1 255
0182 1 255
0183 1 255
0184 1 255
0185 1 255
0186 1 255
0187 1 255
0188 1 255
0189 1 255
018a 1 255
018b 1 255
018c 1 255
018d 1 255
018e 1 255
018f 1 255
0190 1 255
0191 1 255
0192 1 255
0193 1 255
0194 1 255
0195 1 255
0196 1 255
0197 1 255
0198 1 255
0199 1 255
019a 1 255
019b 1 255
019c 1 255
019d 1 255
019e 1 255
019f 1 255
01a0 1 255
01a1 1 255
01a2 1 255
01a3 1 255
01a4 1 255
01a5 1 255
01a6 1 255
01a7 1 255
01a8 1 255
01a9 1 255
01aa 1 255
01ab 1 255
01ac 1 255
01ad 1 255
01ae 1 255
01af 1 255
01b0 1 255
01b1 1 255
01b2 1 255
01b3 1 255
01b4 1 255
01b5 1 255
01b6 1 255
01b7 1 255
01b8 1 255
01b9 1 255
01ba 1 255
01bb 1 255
01bc 1 255
01bd 1 255
01be 1 255
01bf 1 255
01c0 1 255
01c1 1 255
01c2 1 255
01c3 1 255
01c4 1 255
01c5 1 255
01c6 1 255
01c7 1 255
01c8 1 255
01c9 1 255
01ca 1 255
01cb 1 255
01cc 1 255
01cd 1 255
01ce 1 255
01cf 1 255
01d0 1 255
01d1 1 255
01d2 1 255
01d3 1 255
01d4 1 255
01d5 1 255
01d6 1 255
01d7 1 255
01d8 1 255
01d9 1 255
01da 1 255
01db 1 255
01dc 1 255
01dd 1 255
01de 1 255
01df 1 255
01e0 1 255
01e1 1 255
01e2 1 255
01e3 1 255
01e4 1 255
01e5 1 255
01e6 1 255
01e7 1 255
01e8 1 255
01e9 1 255
01ea 1 255
01eb 1 255
01ec 1 255
01ed 1 255
01ee 1 255
01ef 1 255
01f0 1 255
01f1 1 255
01f2 1 255
01f3 1 255
01f4 1 255
01f5 1 255
01f6 1 255
01f7 1 255
01f8 1 255
01f9 1 255
01fa 1 255
01fb 1 255
01fc 1 255
01fd 1 255
01fe 1 255
01ff 1 255
0200 1 255
0201 1 255
0202 1 255
0203 1 255
0204 1 255
0205 1 255
0206 1 255
0207 1 255
0208 1 255
0209 1 255
020a 1 255
020b 1 255
020c 1 255
020d 1 255
020e 1 255
020f 1 255
0210 1 255
0211 1 255
0212 1 255
0213 1 255
0214 1 255
0215 1 255
0216 1 255
0217 1 255
0218 1 255
0219 1 255
021a 1 255
021b 1 255
021c 1 255
021d 1 255
021e 1 255
021f 1 255
0220 1 255
0221 1 255
0222 1 255
0223 1 255
0224 1 255
0225 1 255
0226 1 255
0227 1 255
0228 1 255
0229 1 255
022a 1 255
022b 1 255
022c 1 255
022d 1 255
022e 1 255
022f 1 255
0230 1 255
0231 1 255
0232 1 255
0233 1 255
0234 1 255
0235 1 255
0236 1 255
0237 1 255
0238 1 255
0239 1 255
023a 1 255
023b 1 255
023c 1 255
023d 1 255
023e 1 255
023f 1 255
0240 1 255
0241 1 255
0242 1 255
0243 1 255
0244 1 255
0245 1 255
0246 1 255
0247 1 255
0248 1 255
0249 1 255
024a 1 255
024b 1 255
024c 1 255
024d 1 255
024e 1 255
024f 1 255
0250 1 255
0251 1 255
0252 1 255
0253 1 255
0254 1 255
0255 1 255
0256 1 255
0257 1 255
0258 1 255
0259 1 255
025a 1 255
025b 1 255
025c 1 255
025d 1 255
025e 1 255
025f 1 255
0260 1 255
0261 1 255
0262 1 255
0263 1 255
0264 1 255
0265 1 255
0266 1 255
0267 1 255
0268 1 255
0269 1 255
026a 1 255
026b 1 255
026c 1 255
026d 1 255
026e 1 255
026f 1 255
0270 1 255
0271 1 255
0272 1 255
0273 1 255
0274 1 255
0275 1 255
0276 1 255
0277 1 255
0278 1 255
0279 1 255
027a 1 255
027b 1 255
027c 1 255
027d 1 255
027e 1 255
027f 1 255
0280 1 255
0281 1 255
0282 1 255
0283 1 255
0284 1 255
0285 1 255
0286 1 255
0287 1 255
0288 1 255
0289 1 255
028a 1 255
028b 1 255
028c 1 255
028d 1 255
028e 1 255
028f 1 255
0290 1 255
0291 1 255
0292 1 255
0293 1 255
0294 1 255
0295 1 255
0296 1 255
0297 1 255
0298 1 255
0299 1 255
029a 1 255
029b 1 255
029c 1 255
029d 1 255
029e 1 255
029f 1 255
02a0 1 255
02a1 1 255
02a2 1 255
02a3 1 255
02a4 1 255
02a5 1 255
02a6 1 255
02a7 1 255
02a8 1 255
02a9 1 255
02aa 1 255
02ab 1 255
02ac 1 255
02ad 1 255
02ae 1 255
02af 1 255
02b0 1 255
02b1 1 255
02b2 1 255
02b3 1 255
02b4 1 255
02b5 1 255
02b6 1 255
02b7 1 255
02b8 1 255
02b9 1 255
02ba 1 255
02bb 1 255
02bc 1 255
02bd 1 255
02be 1 255
02bf 1 255
02c0 1 255
02c1 1 255
02c2 1 255
02c3 1 255
02c4 1 255
02c5 1 255
02c6 1 255
02c7 1 255
02c8 1 255
02c9 1 255
02ca 1 255
02cb 1 255
02cc 1 255
02cd 1 255
02ce 1 255
02cf 1 255
02d0 1 255
02d1 1 255
02d2 1 255
02d3 1 255
02d4 1 255
02d5 1 255
02d6 1 255
02d7 1 255
02d8 1 255
02d9 1 255
02da 1 255
02db 1 255
02dc 1 255
02dd 1 255
02de 1 255
02df 1 255
02e0 1 255
02e1 1 255
02e2 1 255
02e3 1 255
02e4 1 255
02e5 1 255
02e6 1 255
02e7 1 255
02e8 1 255
02e9 1 255
02ea 1 255
02eb 1 255
02ec 1 255
02ed 1 255
02ee 1 255
02ef 1 255
02f0 1 255
02f1 1 255
02f2 1 255
02f3 1 255
02f4 1 255
02f5 1 255
02f6 1 255
02f7 1 255
02f8 1 255
02f9 1 255
02fa 1 255
02fb 1 255
02fc 1 255
02fd 1 255
02fe 1 255
02ff 1 255
0300 1 255
0301 1 255
0302 1 255
0303 1 255
0304 1 255
0305 1 255
0306 1 255
0307 1 255
0308 1 255
0309 1 255
030a 1 255
030b 1 255
030c 1 255
030d 1 255
030e 1 255
030f 1 255
0310 1 255
0311 1 255
0312 1 255
0313 1 255
0314 1 255
0315 1 255
0316 1 255
0317 1 255
0318 1 255
0319 1 255
031a 1 255
031b 1 255
031c 1 255
031d 1 255
031e 1 255
031f 1 255
0320 1 255
0321 1 255
0322 1 255
0323 1 255
0324 1 255
0325 1 255
0326 1 255
0327 1 255
0328 1 255
0329 1 255
032a 1 255
032b 1 255
032c 1 255
032d 1 255
032e 1 255
032f 1 255
0330 1 255
0331 1 255
0332 1 255
0333 1 255
0334 1 255
0335 1 255
0336 1 255
0337 1 255
0338 1 255
0339 1 255
033a 1 255
033b 1 255
033c 1 255
033d 1 255
033e 1 255
033f 1 255
0340 1 255
0341 1 255
0342 1 255
0343 1 255
0344 1 255
0345 1 255
0346 1 255
0347 1 255
0348 1 255
0349 1 255
034a 1 255
034b 1 255
034c 1 255
034d 1 255
034e 1 255
034f 1 255
0350 1 255
0351 1 255
0352 1 255
0353 1 255
0354 1 255
0355 1 255
0356 1 255
0357 1 255
0358 1 255
0359 1 255
035a 1 255
035b 1 255
035c 1 255
035d 1 255
035e 1 255
035f 1 255
0360 1 255
0361 1 255
0362 1 255
0363 1 255
0364 1 255
0365 1 255
0366 1 255
0367 1 255
0368 1 255
0369 1 255
036a 1 255
036b 1 255
036c 1 255
036d 1 255
036e 1 255
036f 1 255
0370 1 255
0371 1 255
0372 1 255
0373 1 255
0374 1 255
0375 1 255
0376 1 255
0377 1 255
0378 1 255
0379 1 255
037a 1 255
037b 1 255
037c 1 255
037d 1 255
037e 1 255
037f 1 255
0380 1 255
0381 1 255
0382 1 255
0383 1 255
0384 1 255
0385 1 255
0386 1 255
0387 1 255
0388 1 255
0389 1 255
038a 1 255
038b 1 255
038c 1 255
038d 1 255
038e 1 255
038f 1 255
0390 1 255
0391 1 255
0392 1 255
0393 1 255
0394 1 255
0395 1 255
0396 1 255
0397 1 255
0398 1 255
0399 1 255
039a 1 255
039b 1 255
039c 1 255
039d 1 255
039e 1 255
039f 1 255
03a0 1 255
03a1 1 255
03a2 1 255
03a3 1 255
03a4 1 255
03a5 1 255
03a6 1 255
03a7 1 255
03a8 1 255
03a9 1 255
03aa 1 255
03ab 1 255
03ac 1 255
03ad 1 255
03ae 1 255
03af 1 255
03b0 1 255
03b1 1 255
03b2 1 255
03b3 1 255
03b4 1 255
03b5 1 255
03b6 1 255
03b7 1 255
03b8 1 255
03b9 1 255
03ba 1 255
03bb 1 255
03bc 1 255
03bd 1 255
03be 1 255
03bf 1 255
03c0 1 255
03c1 1 255
03c2 1 255
03c3 1 255
03c4 1 255
03c5 1 255
03c6 1 255
03c7 1 255
03c8 1 255
03c9 1 255
03ca 1 255
03cb 1 255
03cc 1 255
03cd 1 255
03ce 1 255
03cf 1 255
03d0 1 255
03d1 1 255
03d2 1 255
03d3 1 255
03d4 1 255
03d5 1 255
03d6 1 255
03d7 1 255
03d8 1 255
03d9 1 255
03da 1 255
03db 1 255
03dc 1 255
03dd 1 255
03de 1 255
03df 1 255
03e0 1 255
03e1 1 255
03e2 1 255
03e3 1 255
03e4 1 255
03e5 1 255
03e6 1 255
03e7 1 255
03e8 1 255
03e9 1 255
03ea 1 255
03eb 1 255
03ec 1 255
03ed 1 255
03ee 1 255
03ef 1 255
03f0 1 255
03f1 1 255
03f2 1 255
03f3 1 255
03f4 1 255
03f5 1 255
03f6 1 255
03f7 1 255
03f8 1 255
03f9 1 255
03fa 1 255
03fb 1 255
03fc 1 255
03fd 1 255
03fe 1 255
03ff 1 255
0400 1 255
0401 1 255
0402 1 255
0403 1 255
0404 1 255
0405 1 255
0406 1 255
0407 1 255
0408 1 255
0409 1 255
040a 1 255
040b 1 255
040c 1 255
040d 1 255
040e 1 255
040f 1 255
0410 1 255
0411 1 255
0412 1 255
0413 1 255
0414 1 255
0415 1 255
0416 1 255
0417 1 255
0418 1 255
0419 1 255
041a 1 255
041b 1 255
041c 1 255
041d 1 255
041e 1 255
041f 1 255
0420 1 255
0421 1 255
0422 1 255
0423 1 255
0424 1 255
0425 1 255
0426 1 255
0427 1 255
0428 1 255
0429 1 255
042a 1 255
042b 1 255
042c 1 255
042d 1 255
042e 1 255
042f 1 255
0430 1 255
0431 1 255
0432 1 255
0433 1 255
0434 1 255
0435 1 255
0436 1 255
0437 1 255
0438 1 255
0439 1 255
043a 1 255
043b 1 255
043c 1 255
043d 1 255
043e 1 255
043f 1 255
0440 1 255
0441 1 255
0442 1 255
0443 1 255
0444 1 255
0445 1 255
0446 1 255
0447 1 255
0448 1 255
0449 1 255
044a 1 255
044b 1 255
044c 1 255
044d 1 255
044e 1 255
044f 1 255
0450 1 255
0451 1 255
0452 1 255
0453 1 255
0454 1 255
0455 1 255
0456 1 255
0457 1 255
0458 1 255
0459 1 255
045a 1 255
045b 1 255
045c 1 255
045d 1 255
045e 1 255
045f 1 255
0460 1 255
0461 1 255
0462 1 255
0463 1 255
0464 1 255
0465 1 255
0466 1 255
0467 1 255
0468 1 255
0469 1 255
046a 1 255
046b 1 255
046c 1 255
046d 1 255
046e 1 255
046f 1 255
0470 1 255
0471 1 255
0472 1 255
0473 1 255
0474 1 255
0475 1 255
0476 1 255
0477 1 255
0478 1 255
0479 1 255
047a 1 255
047b 1 255
047c 1 255
047d 1 255
047e 1 255
047f 1 255
0480 1 255
0481 1 255
0482 1 255
0483 1 255
0484 1 255
0485 1 255
0486 1 255
0487 1 255
0488 1 255
0489 1 255
048a 1 255
048b 1 255
048c 1 255
048d 1 255
048e 1 255
048f 1 255
0490 1 255
0491 1 255
0492 1 255
0493 1 255
0494 1 255
0495 1 255
0496 1 255
0497 1 255
0498 1 255
0499 1 255
049a 1 255
049b 1 255
049c 1 255
049d 1 255
049e 1 255
049f 1 255
04a0 1 255
04a1 1 255
04a2 1 255
04a3 1 255
04a4 1 255
04a5 1 255
04a6 1 255
04a7 1 255
04a8 1 255
04a9 1 255
04aa 1 255
04ab 1 255
04ac 1 255
04ad 1 255
04ae 1 255
04af 1 255
04b0 1 255
04b1 1 255
04b2 1 255
04b3 1 255
04b4 1 255
04b5 1 255
04b6 1 255
04b7 1 255
04b8 1 255
04b9 1 255
04ba 1 255
04bb 1 255
04bc 1 255
04bd 1 255
04be 1 255
04bf 1 255
04c0 1 255
04c1 1 255
04c2 1 255
04c3 1 255
04c4 1 255
04c5 1 255
04c6 1 255
04c7 1 255
04c8 1 255
04c9 1 255
04ca 1 255
04cb 1 255
04cc 1 255
04cd 1 255
04ce 1 255
04cf 1 255
04d0 1 255
04d1 1 255
04d2 1 255
04d3 1 255
04d4 1 255
04d5 1 255
04d6 1 255
04d7 1 255
04d8 1 255
04d9 1 255
04da 1 255
04db 1 255
04dc 1 255
04dd 1 255
04de 1 255
04df 1 255
04e0 1 255
04e1 1 255
04e2 1 255
04e3 1 255
04e4 1 255
04e5 1 255
04e6 1 255
04e7 1 255
04e8 1 255
04e9 1 255
04ea 1 255
04eb 1 255
04ec 1 255
04ed 1 255
04ee 1 255
04ef 1 255
04f0 1 255
04f1 1 255
04f2 1 255
04f3 1 255
04f4 1 255
04f5 1 255
04f6 1 255
04f7 1 255
04f8 1 255
04f9 1 255
04fa 1 255
04fb 1 255
04fc 1 255
04fd 1 255
04fe 1 255
04ff 1 255
0500 1 255
0501 1 255
0502 1 255
0503 1 255
0504 1 255
0505 1 255
0506 1 255
0507 1 255
0508 1 255
0509 1 255
050a 1 255
050b 1 255
050c 1 255
050d 1 255
050e 1 255
050f 1 255
0510 1 255
0511 1 255
0512 1 255
0513 1 255
0514 1 255
0515 1 255
0516 1 255
0517 1 255
0518 1 255
0519 1 255
051a 1 255
051b 1 255
051c 1 255
051d 1 255
051e 1 255
051f 1 255
0520 1 255
0521 1 255
0522 1 255
0523 1 255
0524 1 255
0525 1 255
0526 1 255
0527 1 255
0528 1 255
0529 1 255
052a 1 255
052b 1 255
052c 1 255
052d 1 255
052e 1 255
052f 1 255
0530 1 255
0531 1 255
0532 1 255
0533 1 255
0534 1 255
0535 1 255
0536 1 255
0537 1 255
0538 1 255
0539 1 255
053a 1 255
053b 1 255
053c 1 255
053d 1 255
053e 1 255
053f 1 255
0540 1 255
0541 1 255
0542 1 255
0543 1 255
0544 1 255
0545 1 255
0546 1 255
0547 1 255
0548 1 255
0549 1 255
054a 1 255
054b 1 255
054c 1 255
054d 1 255
054e 1 255
054f 1 255
0550 1 255
0551 1 255
0552 1 255
0553 1 255
0554 1 255
0555 1 255
0556 1 255
0557 1 255
0558 1 255
0559 1 255
055a 1 255
055b 1 255
055c 1 255
055d 1 255
055e 1 255
055f 1 255
0560 1 255
0561 1 255
0562 1 255
0563 1 255
0564 1 255
0565 1 255
0566 1 255
0567 1 255
0568 1 255
0569 1 255
056a 1 255
056b 1 255
056c 1 255
056d 1 255
056e 1 255
056f 1 255
0570 1 255
0571 1 255
0572 1 255
0573 1 255
0574 1 255
0575 1 255
0576 1 255
0577 1 255
0578 1 255
0579 1 255
057a 1 255
057b 1 255
057c 1 255
057d 1 255
057e 1 255
057f 1 255
0580 1 255
0581 1 255
0582 1 255
0583 1 255
0584 1 255
0585 1 255
0586 1 255
0587 1 255
0588 1 255
0589 1 255
058a 1 255
058b 1 255
058c 1 255
058d 1 255
058e 1 255
058f 1 255
0590 1 255
0591 1 255
0592 1 255
0593 1 255
0594 1 255
0595 1 255
0596 1 255
0597 1 255
0598 1 255
0599 1 255
059a 1 255
059b 1 255
059c 1 255
059d 1 255
059e 1 255
059f 1 255
05a0 1 255
05a1 1 255
05a2 1 255
05a3 1 255
05a4 1 255
05a5 1 255
05a6 1 255
05a7 1 255
05a8 1 255
05a9 1 255
05aa 1 255
05ab 1 255
05ac 1 255
05ad 1 255
05ae 1 255
05af 1 255
05b0 1 255
05b1 1 255
05b2 1 255
05b3 1 255
05b4 1 255
05b5 1 255
05b6 1 255
05b7 1 255
05b8 1 255
05b9 1 255
05ba 1 255
05bb 1 255
05bc 1 255
05bd 1 255
05be 1 255
05bf 1 255
05c0 1 255
05c1 1 255
05c2 1 255
05c3 1 255
05c4 1 255
05c5 1 255
05c6 1 255
05c7 1 255
05c8 1 255
05c9 1 255
05ca 1 255
05cb 1 255
05cc 1 255
05cd 1 255
05ce 1 255
05cf 1 255
05d0 1 255
05d1 1 255
05d2 1 255
05d3 1 255
05d4 1 255
05d5 1 255
05d6 1 255
05d7 1 255
05d8 1 255
05d9 1 255
05da 1 255
05db 1 255
05dc 1 255
05dd 1 255
05de 1 255
05df 1 255
05e0 1 255
05e1 1 255
05e2 1 255
05e3 1 255
05e4 1 255
05e5 1 255
05e6 1 255
05e7 1 255
05e8 1 255
05e9 1 255
05ea 1 255
05eb 1 255
05ec 1 255
05ed 1 255
05ee 1 255
05ef 1 255
05f0 1 255
05f1 1 255
05f2 1 255
05f3 1 255
05f4 1 255
05f5 1 255
05f6 1 255
05f7 1 255
05f8 1 255
05f9 1 255
05fa 1 255
05fb 1 255
05fc 1 255
05fd 1 255
05fe 1 255
05ff 1 255
0600 1 0
0601 1 0
0602 1 232
0603 1 8
0604 1 36
0605 1 0
0606 1 0
0607 1 0
0608 1 2
0609 1 3
060a 1 0
060b 1 1
060c 1 0
060d 1 1
060e 1 0
060f 1 0
0610 1 0
0611 1 0
0612 1 0
0613 1 0
0614 1 0
0615 1 0
0616 1 0
0617 1 3
0618 1 0
0619 1 5
061a 1 0
061b 1 0
061c 1 0
061d 1 2
061e 1 0
061f 1 0
0620 1 0
0621 1 0
0622 1 0
0623 1 0
0624 1 100
0625 1 5
0626 1 0
0627 1 8
0628 1 0
0629 1 0
062a 1 36
062b 1 117
062c 1 0
062d 1 52
062e 1 32
062f 1 12
0630 1 2
0631 1 2
0632 1 0
0633 1 0
0634 1 0
0635 1 0
0636 1 0
0637 1 0
0638 1 0
0639 1 0
063a 1 0
063b 1 2
063c 1 0
063d 1 0
063e 1 30
063f 1 60
0640 1 8
0641 1 0
0642 1 1
0643 1 16
0644 1 0
0645 1 10
0646 1 4
0647 1 36
0648 1 30
0649 1 60
064a 1 115
064b 1 2
064c 1 1
064d 1 128
064e 1 0
064f 1 0
0650 1 0
0651 1 0
0652 1 0
0653 1 0
0654 1 0
0655 1 0
0656 1 0
0657 1 0
0658 1 0
0659 1 0
065a 1 0
065b 1 0
065c 1 0
065d 1 0
065e 1 0
065f 1 0
0660 1 0
0661 1 0
0662 1 0
0663 1 0
0664 1 0
0665 1 0
0666 1 0
0667 1 0
0668 1 0
0669 1 0
066a 1 48
066b 1 41
066c 1 8
066d 1 100
066e 1 0
066f 1 0
0670 1 0
0671 1 0
0672 1 0
0673 1 0
0674 1 0
0675 1 0
0676 1 0
0677 1 0
0678 1 0
0679 1 0
067a 1 0
067b 1 0
067c 1 0
067d 1 0
067e 1 0
067f 1 0
0680 1 0
0681 1 0
0682 1 0
0683 1 0
0684 1 0
0685 1 0
0686 1 0
0687 1 0
0688 1 0
0689 1 0
068a 1 0
068b 1 0
068c 1 0
068d 1 0
068e 1 0
068f 1 0
0690 1 0
0691 1 0
0692 1 0
0693 1 0
0694 1 0
0695 1 0
0696 1 0
0697 1 0
0698 1 0
0699 1 0
069a 1 0
069b 1 0
069c 1 180
069d 1 0
069e 1 0
069f 1 0
06a0 1 0
06a1 1 0
06a2 1 0
06a3 1 0
06a4 1 127
06a5 1 0
06a6 1 34
06a7 1 0
06a8 1 0
06a9 1 0
06aa 1 0
06ab 1 0
06ac 1 0
06ad 1 0
06ae 1 0
06af 1 0
06b0 1 4
06b1 1 0
06b2 1 0
06b3 1 0
06b4 1 0
06b5 1 0
06b6 1 0
06b7 1 0
06b8 1 0
06b9 1 0
06ba 1 0
06bb 1 0
06bc 1 0
06bd 1 0
06be 1 0
06bf 1 0
06c0 1 4
06c1 1 0
06c2 1 0
06c3 1 0
06c4 1 65
06c5 1 0
06c6 1 0
06c7 1 0
06c8 1 0
06c9 1 0
06ca 1 0
06cb 1 0
06cc 1 0
06cd 1 0
06ce 1 0
06cf 1 1
06d0 1 34
06d1 1 127
06d2 1 0
06d3 1 0
06d4 1 0
06d5 1 0
06d6 1 0
06d7 1 0
06d8 1 0
06d9 1 0
06da 1 0
06db 1 0
06dc 1 0
06dd 1 127
06de 1 0
06df 1 0
06e0 1 0
06e1 1 0
06e2 1 0
06e3 1 0
06e4 1 0
06e5 1 0
06e6 1 100
06e7 1 0
06e8 1 0
06e9 1 0
06ea 1 0
06eb 1 0
06ec 1 200
06ed 1 0
06ee 1 10
06ef 1 0
06f0 1 31
06f1 1 47
06f2 1 0
06f3 1 0
06f4 1 0
06f5 1 0
06f6 1 0
06f7 1 0
06f8 1 0
06f9 1 0
06fa 1 0
06fb 1 0
06fc 1 0
06fd 1 0
06fe 1 0
06ff 1 0
0700 1 255
0701 1 255
0702 1 255
0703 1 255
0704 1 255
0705 1 255
0706 1 255
0707 1 255
0708 1 255
0709 1 255
070a 1 255
070b 1 255
070c 1 255
070d 1 255
070e 1 255
070f 1 255
0710 1 255
0711 1 255
0712 1 255
0713 1 255
0714 1 255
0715 1 255
0716 1 255
0717 1 255
0718 1 255
0719 1 255
071a 1 255
071b 1 255
071c 1 255
071d 1 255
071e 1 255
071f 1 255
0720 1 255
0721 1 255
0722 1 255
0723 1 255
0724 1 255
0725 1 255
0726 1 255
0727 1 255
0728 1 255
0729 1 255
072a 1 255
072b 1 255
072c 1 255
072d 1 255
072e 1 255
072f 1 255
0730 1 255
0731 1 255
0732 1 255
0733 1 255
0734 1 255
0735 1 255
0736 1 255
0737 1 255
0738 1 255
0739 1 255
073a 1 255
073b 1 255
073c 1 255
073d 1 255
073e 1 255
073f 1 255
0740 1 255
0741 1 255
0742 1 255
0743 1 255
0744 1 255
0745 1 255
0746 1 255
0747 1 255
0748 1 255
0749 1 255
074a 1 255
074b 1 255
074c 1 255
074d 1 255
074e 1 255
074f 1 255
0750 1 255
0751 1 255
0752 1 255
0753 1 255
0754 1 255
0755 1 255
0756 1 255
0757 1 255
0758 1 255
0759 1 255
075a 1 255
075b 1 255
075c 1 255
075d 1 255
075e 1 255
075f 1 255
0760 1 255
0761 1 255
0762 1 255
0763 1 255
0764 1 255
0765 1 255
0766 1 255
0767 1 255
0768 1 255
0769 1 255
076a 1 255
076b 1 255
076c 1 255
076d 1 255
076e 1 255
076f 1 255
0770 1 255
0771 1 255
0772 1 255
0773 1 255
0774 1 255
0775 1 255
0776 1 255
0777 1 255
0778 1 255
0779 1 255
077a 1 255
077b 1 255
077c 1 255
077d 1 255
077e 1 255
077f 1 255
0780 1 255
0781 1 255
0782 1 255
0783 1 255
0784 1 255
0785 1 255
0786 1 255
0787 1 255
0788 1 255
0789 1 255
078a 1 255
078b 1 255
078c 1 255
078d 1 255
078e 1 255
078f 1 255
0790 1 255
0791 1 255
0792 1 255
0793 1 255
0794 1 255
0795 1 255
0796 1 255
0797 1 255
0798 1 255
0799 1 255
079a 1 255
079b 1 255
079c 1 255
079d 1 255
079e 1 255
079f 1 255
07a0 1 255
07a1 1 255
07a2 1 255
07a3 1 255
07a4 1 255
07a5 1 255
07a6 1 255
07a7 1 255
07a8 1 255
07a9 1 255
07aa 1 255
07ab 1 255
07ac 1 255
07ad 1 255
07ae 1 255
07af 1 255
07b0 1 255
07b1 1 255
07b2 1 255
07b3 1 255
07b4 1 255
07b5 1 255
07b6 1 255
07b7 1 255
07b8 1 255
07b9 1 255
07ba 1 255
07bb 1 255
07bc 1 255
07bd 1 255
07be 1 255
07bf 1 255
07c0 1 255
07c1 1 255
07c2 1 255
07c3 1 255
07c4 1 255
07c5 1 255
07c6 1 255
07c7 1 255
07c8 1 255
07c9 1 255
07ca 1 255
07cb 1 255
07cc 1 255
07cd 1 255
07ce 1 255
07cf 1 255
07d0 1 255
07d1 1 255
07d2 1 255
07d3 1 255
07d4 1 255
07d5 1 255
07d6 1 255
07d7 1 255
07d8 1 255
07d9 1 255
07da 1 255
07db 1 255
07dc 1 255
07dd 1 255
07de 1 255
07df 1 255
07e0 1 255
07e1 1 255
07e2 1 255
07e3 1 255
07e4 1 255
07e5 1 255
07e6 1 255
07e7 1 255
07e8 1 255
07e9 1 255
07ea 1 255
07eb 1 255
07ec 1 255
07ed 1 255
07ee 1 255
07ef 1 255
07f0 1 255
07f1 1 255
07f2 1 255
07f3 1 255
07f4 1 255
07f5 1 255
07f6 1 255
07f7 1 255
07f8 1 255
07f9 1 255
07fa 1 255
07fb 1 255
07fc 1 255
07fd 1 255
07fe 1 255
07ff 1 255
0800 1 255
0801 1 255
0802 1 255
0803 1 255
0804 1 255
0805 1 255
0806 1 255
0807 1 255
0808 1 255
0809 1 255
080a 1 255
080b 1 255
080c 1 255
080d 1 255
080e 1 255
080f 1 255
0810 1 255
0811 1 255
0812 1 255
0813 1 255
0814 1 255
0815 1 255
0816 1 255
0817 1 255
0818 1 255
0819 1 255
081a 1 255
081b 1 255
081c 1 255
081d 1 255
081e 1 255
081f 1 255
0820 1 255
0821 1 255
0822 1 255
0823 1 255
0824 1 255
0825 1 255
0826 1 255
0827 1 255
0828 1 255
0829 1 255
082a 1 255
082b 1 255
082c 1 255
082d 1 255
082e 1 255
082f 1 255
0830 1 255
0831 1 255
0832 1 255
0833 1 255
0834 1 255
0835 1 255
0836 1 255
0837 1 255
0838 1 255
0839 1 255
083a 1 255
083b 1 255
083c 1 255
083d 1 255
083e 1 255
083f 1 255
0840 1 255
0841 1 255
0842 1 255
0843 1 255
0844 1 255
0845 1 255
0846 1 255
0847 1 255
0848 1 255
0849 1 255
084a 1 255
084b 1 255
084c 1 255
084d 1 255
084e 1 255
084f 1 255
0850 1 255
0851 1 255
0852 1 255
0853 1 255
0854 1 255
0855 1 255
0856 1 255
0857 1 255
0858 1 255
0859 1 255
085a 1 255
085b 1 255
085c 1 255
085d 1 255
085e 1 255
085f 1 255
0860 1 255
0861 1 255
0862 1 255
0863 1 255
0864 1 255
0865 1 255
0866 1 255
0867 1 255
0868 1 255
0869 1 255
086a 1 255
086b 1 255
086c 1 255
086d 1 255
086e 1 255
086f 1 255
0870 1 255
0871 1 255
0872 1 255
0873 1 255
0874 1 255
0875 1 255
0876 1 255
0877 1 255
0878 1 255
0879 1 255
087a 1 255
087b 1 255
087c 1 255
087d 1 255
087e 1 255
087f 1 255
0880 1 255
0881 1 255
0882 1 255
0883 1 255
0884 1 255
0885 1 255
0886 1 255
0887 1 255
0888 1 255
0889 1 255
088a 1 255
088b 1 255
088c 1 255
088d 1 255
088e 1 255
088f 1 255
0890 1 255
0891 1 255
0892 1 255
0893 1 255
0894 1 255
0895 1 255
0896 1 255
0897 1 255
0898 1 255
0899 1 255
089a 1 255
089b 1 255
089c 1 255
089d 1 255
089e 1 255
089f 1 255
08a0 1 255
08a1 1 255
08a2 1 255
08a3 1 255
08a4 1 255
08a5 1 255
08a6 1 255
08a7 1 255
08a8 1 255
08a9 1 255
08aa 1 255
08ab 1 255
08ac 1 255
08ad 1 255
08ae 1 255
08af 1 255
08b0 1 255
08b1 1 255
08b2 1 255
08b3 1 255
08b4 1 255
08b5 1 255
08b6 1 255
08b7 1 255
08b8 1 255
08b9 1 255
08ba 1 255
08bb 1 255
08bc 1 255
08bd 1 255
08be 1 255
08bf 1 255
08c0 1 255
08c1 1 255
08c2 1 255
08c3 1 255
08c4 1 255
08c5 1 255
08c6 1 255
08c7 1 255
08c8 1 255
08c9 1 255
08ca 1 255
08cb 1 255
08cc 1 255
08cd 1 255
08ce 1 255
08cf 1 255
08d0 1 255
08d1 1 255
08d2 1 255
08d3 1 255
08d4 1 255
08d5 1 255
08d6 1 255
08d7 1 255
08d8 1 255
08d9 1 255
08da 1 255
08db 1 255
08dc 1 255
08dd 1 255
08de 1 255
08df 1 255
08e0 1 255
08e1 1 255
08e2 1 255
08e3 1 255
08e4 1 255
08e5 1 255
08e6 1 255
08e7 1 255
08e8 1 255
08e9 1 255
08ea 1 255
08eb 1 255
08ec 1 255
08ed 1 255
08ee 1 255
08ef 1 255
08f0 1 255
08f1 1 255
08f2 1 255
08f3 1 255
08f4 1 255
08f5 1 255
08f6 1 255
08f7 1 255
08f8 1 255
08f9 1 255
08fa 1 255
08fb 1 255
08fc 1 255
08fd 1 255
08fe 1 255
08ff 1 255
0900 1 255
0901 1 255
0902 1 255
0903 1 255
0904 1 255
0905 1 255
0906 1 255
0907 1 255
0908 1 255
0909 1 255
090a 1 255
090b 1 255
090c 1 255
090d 1 255
090e 1 255
090f 1 255
0910 1 255
0911 1 255
0912 1 255
0913 1 255
0914 1 255
0915 1 255
0916 1 255
0917 1 255
0918 1 255
0919 1 255
091a 1 255
091b 1 255
091c 1 255
091d 1 255
091e 1 255
091f 1 255
0920 1 255
0921 1 255
0922 1 255
0923 1 255
0924 1 255
0925 1 255
0926 1 255
0927 1 255
0928 1 255
0929 1 255
092a 1 255
092b 1 255
092c 1 255
092d 1 255
092e 1 255
092f 1 255
0930 1 255
0931 1 255
0932 1 255
0933 1 255
0934 1 255
0935 1 255
0936 1 255
0937 1 255
0938 1 255
0939 1 255
093a 1 255
093b 1 255
093c 1 255
093d 1 255
093e 1 255
093f 1 255
0940 1 255
0941 1 255
0942 1 255
0943 1 255
0944 1 255
0945 1 255
0946 1 255
0947 1 255
0948 1 255
0949 1 255
094a 1 255
094b 1 255
094c 1 255
094d 1 255
094e 1 255
094f 1 255
0950 1 255
0951 1 255
0952 1 255
0953 1 255
0954 1 255
0955 1 255
0956 1 255
0957 1 255
0958 1 255
0959 1 255
095a 1 255
095b 1 255
095c 1 255
095d 1 255
095e 1 255
095f 1 255
0960 1 255
0961 1 255
0962 1 255
0963 1 255
0964 1 255
0965 1 255
0966 1 255
0967 1 255
0968 1 255
0969 1 255
096a 1 255
096b 1 255
096c 1 255
096d 1 255
096e 1 255
096f 1 255
0970 1 255
0971 1 255
0972 1 255
0973 1 255
0974 1 255
0975 1 255
0976 1 255
0977 1 255
0978 1 255
0979 1 255
097a 1 255
097b 1 255
097c 1 255
097d 1 255
097e 1 255
097f 1 255
0980 1 255
0981 1 255
0982 1 255
0983 1 255
0984 1 255
0985 1 255
0986 1 255
0987 1 255
0988 1 255
0989 1 255
098a 1 255
098b 1 255
098c 1 255
098d 1 255
098e 1 255
098f 1 255
0990 1 255
0991 1 255
0992 1 255
0993 1 255
0994 1 255
0995 1 255
0996 1 255
0997 1 255
0998 1 255
0999 1 255
099a 1 255
099b 1 255
099c 1 255
099d 1 255
099e 1 255
099f 1 255
09a0 1 255
09a1 1 255
09a2 1 255
09a3 1 255
09a4 1 255
09a5 1 255
09a6 1 255
09a7 1 255
09a8 1 255
09a9 1 255
09aa 1 255
09ab 1 255
09ac 1 255
09ad 1 255
09ae 1 255
09af 1 255
09b0 1 255
09b1 1 255
09b2 1 255
09b3 1 255
09b4 1 255
09b5 1 255
09b6 1 255
09b7 1 255
09b8 1 255
09b9 1 255
09ba 1 255
09bb 1 255
09bc 1 255
09bd 1 255
09be 1 255
09bf 1 255
09c0 1 255
09c1 1 255
09c2 1 255
09c3 1 255
09c4 1 255
09c5 1 255
09c6 1 255
09c7 1 255
09c8 1 255
09c9 1 255
09ca 1 255
09cb 1 255
09cc 1 255
09cd 1 255
09ce 1 255
09cf 1 255
09d0 1 255
09d1 1 255
09d2 1 255
09d3 1 255
09d4 1 255
09d5 1 255
09d6 1 255
09d7 1 255
09d8 1 255
09d9 1 255
09da 1 255
09db 1 255
09dc 1 255
09dd 1 255
09de 1 255
09df 1 255
09e0 1 255
09e1 1 255
09e2 1 255
09e3 1 255
09e4 1 255
09e5 1 255
09e6 1 255
09e7 1 255
09e8 1 255
09e9 1 255
09ea 1 255
09eb 1 255
09ec 1 255
09ed 1 255
09ee 1 255
09ef 1 255
09f0 1 255
09f1 1 255
09f2 1 255
09f3 1 255
09f4 1 255
09f5 1 255
09f6 1 255
09f7 1 255
09f8 1 255
09f9 1 255
09fa 1 255
09fb 1 255
09fc 1 255
09fd 1 255
09fe 1 255
09ff 1 255
0a00 1 255
0a01 1 255
0a02 1 255
0a03 1 255
0a04 1 255
0a05 1 255
0a06 1 255
0a07 1 255
0a08 1 255
0a09 1 255
0a0a 1 255
0a0b 1 255
0a0c 1 255
0a0d 1 255
0a0e 1 255
0a0f 1 255
0a10 1 255
0a11 1 255
0a12 1 255
0a13 1 255
0a14 1 255
0a15 1 255
0a16 1 255
0a17 1 255
0a18 1 255
0a19 1 255
0a1a 1 255
0a1b 1 255
0a1c 1 255
0a1d 1 255
0a1e 1 255
0a1f 1 255
0a20 1 255
0a21 1 255
0a22 1 255
0a23 1 255
0a24 1 255
0a25 1 255
0a26 1 255
0a27 1 255
0a28 1 255
0a29 1 255
0a2a 1 255
0a2b 1 255
0a2c 1 255
0a2d 1 255
0a2e 1 255
0a2f 1 255
0a30 1 255
0a31 1 255
0a32 1 255
0a33 1 255
0a34 1 255
0a35 1 255
0a36 1 255
0a37 1 255
0a38 1 255
0a39 1 255
0a3a 1 255
0a3b 1 255
0a3c 1 255
0a3d 1 255
0a3e 1 255
0a3f 1 255
0a40 1 255
0a41 1 255
0a42 1 255
0a43 1 255
0a44 1 255
0a45 1 255
0a46 1 255
0a47 1 255
0a48 1 255
0a49 1 255
0a4a 1 255
0a4b 1 255
0a4c 1 255
0a4d 1 255
0a4e 1 255
0a4f 1 255
0a50 1 255
0a51 1 255
0a52 1 255
0a53 1 255
0a54 1 255
0a55 1 255
0a56 1 255
0a57 1 255
0a58 1 255
0a59 1 255
0a5a 1 255
0a5b 1 255
0a5c 1 255
0a5d 1 255
0a5e 1 255
0a5f 1 255
0a60 1 255
0a61 1 255
0a62 1 255
0a63 1 255
0a64 1 255
0a65 1 255
0a66 1 255
0a67 1 255
0a68 1 255
0a69 1 255
0a6a 1 255
0a6b 1 255
0a6c 1 255
0a6d 1 255
0a6e 1 255
0a6f 1 255
0a70 1 255
0a71 1 255
0a72 1 255
0a73 1 255
0a74 1 255
0a75 1 255
0a76 1 255
0a77 1 255
0a78 1 255
0a79 1 255
0a7a 1 255
0a7b 1 255
0a7c 1 255
0a7d 1 255
0a7e 1 255
0a7f 1 255
0a80 1 255
0a81 1 255
0a82 1 255
0a83 1 255
0a84 1 255
0a85 1 255
0a86 1 255
0a87 1 255
0a88 1 255
0a89 1 255
0a8a 1 255
0a8b 1 255
0a8c 1 255
0a8d 1 255
0a8e 1 255
0a8f 1 255
0a90 1 255
0a91 1 255
0a92 1 255
0a93 1 255
0a94 1 255
0a95 1 255
0a96 1 255
0a97 1 255
0a98 1 255
0a99 1 255
0a9a 1 255
0a9b 1 255
0a9c 1 255
0a9d 1 255
0a9e 1 255
0a9f 1 255
0aa0 1 255
0aa1 1 255
0aa2 1 255
0aa3 1 255
0aa4 1 255
0aa5 1 255
0aa6 1 255
0aa7 1 255
0aa8 1 255
0aa9 1 255
0aaa 1 255
0aab 1 255
0aac 1 255
0aad 1 255
0aae 1 255
0aaf 1 255
0ab0 1 255
0ab1 1 255
0ab2 1 255
0ab3 1 255
0ab4 1 255
0ab5 1 255
0ab6 1 255
0ab7 1 255
0ab8 1 255
0ab9 1 255
0aba 1 255
0abb 1 255
0abc 1 255
0abd 1 255
0abe 1 255
0abf 1 255
0ac0 1 255
0ac1 1 255
0ac2 1 255
0ac3 1 255
0ac4 1 255
0ac5 1 255
0ac6 1 255
0ac7 1 255
0ac8 1 255
0ac9 1 255
0aca 1 255
0acb 1 255
0acc 1 255
0acd 1 255
0ace 1 255
0acf 1 255
0ad0 1 255
0ad1 1 255
0ad2 1 255
0ad3 1 255
0ad4 1 255
0ad5 1 255
0ad6 1 255
0ad7 1 255
0ad8 1 255
0ad9 1 255
0ada 1 255
0adb 1 255
0adc 1 255
0add 1 255
0ade 1 255
0adf 1 255
0ae0 1 255
0ae1 1 255
0ae2 1 255
0ae3 1 255
0ae4 1 255
0ae5 1 255
0ae6 1 255
0ae7 1 255
0ae8 1 255
0ae9 1 255
0aea 1 255
0aeb 1 255
0aec 1 255
0aed 1 255
0aee 1 255
0aef 1 255
0af0 1 255
0af1 1 255
0af2 1 255
0af3 1 255
0af4 1 255
0af5 1 255
0af6 1 255
0af7 1 255
0af8 1 255
0af9 1 255
0afa 1 255
0afb 1 255
0afc 1 255
0afd 1 255
0afe 1 255
0aff 1 255
0b00 1 0
0b01 1 0
0b02 1 0
0b03 1 0
0b04 1 0
0b05 1 0
0b06 1 0
0b07 1 0
0b08 1 0
0b09 1 0
0b0a 1 0
0b0b 1 0
0b0c 1 0
0b0d 1 0
0b0e 1 0
0b0f 1 0
0b10 1 0
0b11 1 0
0b12 1 0
0b13 1 0
0b14 1 0
0b15 1 0
0b16 1 0
0b17 1 0
0b18 1 0
0b19 1 0
0b1a 1 0
0b1b 1 0
0b1c 1 0
0b1d 1 0
0b1e 1 0
0b1f 1 0
0b20 1 0
0b21 1 0
0b22 1 0
0b23 1 0
0b24 1 0
0b25 1 0
0b26 1 0
0b27 1 0
0b28 1 0
0b29 1 0
0b2a 1 0
0b2b 1 0
0b2c 1 0
0b2d 1 0
0b2e 1 0
0b2f 1 0
0b30 1 0
0b31 1 0
0b32 1 0
0b33 1 0
0b34 1 0
0b35 1 0
0b36 1 0
0b37 1 0
0b38 1 0
0b39 1 0
0b3a 1 0
0b3b 1 0
0b3c 1 0
0b3d 1 0
0b3e 1 0
0b3f 1 0
0b40 1 0
0b41 1 0
0b42 1 0
0b43 1 0
0b44 1 0
0b45 1 34
0b46 1 29
0b47 1 37
0b48 1 31
0b49 1 31
0b4a 1 31
0b4b 1 31
0b4c 1 0
0b4d 1 34
0b4e 1 31
0b4f 1 31
0b50 1 31
0b51 1 0
0b52 1 34
0b53 1 32
0b54 1 0
0b55 1 0
0b56 1 192
0b57 1 168
0b58 1 0
0b59 1 0
0b5a 1 0
0b5b 1 0
0b5c 1 0
0b5d 1 0
0b5e 1 0
0b5f 1 0
0b60 1 0
0b61 1 0
0b62 1 0
0b63 1 0
0b64 1 0
0b65 1 0
0b66 1 0
0b67 1 0
0b68 1 0
0b69 1 0
0b6a 1 0
0b6b 1 0
0b6c 1 0
0b6d 1 0
0b6e 1 255
0b6f 1 255
0b70 1 0
0b71 1 0
0b72 1 0
0b73 1 0
0b74 1 0
0b75 1 0
0b76 1 1
0b77 1 0
0b78 1 0
0b79 1 0
0b7a 1 0
0b7b 1 0
0b7c 1 0
0b7d 1 67
0b7e 1 74
0b7f 1 0
0b80 1 0
0b81 1 0
0b82 1 0
0b83 1 0
0b84 1 0
0b85 1 0
0b86 1 0
0b87 1 0
0b88 1 0
0b89 1 0
0b8a 1 0
0b8b 1 0
0b8c 1 0
0b8d 1 0
0b8e 1 0
0b8f 1 0
0b90 1 0
0b91 1 0
0b92 1 0
0b93 1 0
0b94 1 0
0b95 1 0
0b96 1 0
0b97 1 0
0b98 1 0
0b99 1 0
0b9a 1 0
0b9b 1 0
0b9c 1 0
0b9d 1 0
0b9e 1 0
0b9f 1 0
0ba0 1 0
0ba1 1 0
0ba2 1 0
0ba3 1 0
0ba4 1 0
0ba5 1 0
0ba6 1 0
0ba7 1 0
0ba8 1 0
0ba9 1 0
0baa 1 0
0bab 1 0
0bac 1 0
0bad 1 0
0bae 1 0
0baf 1 0
0bb0 1 0
0bb1 1 0
0bb2 1 0
0bb3 1 1
0bb4 1 0
0bb5 1 0
0bb6 1 0
0bb7 1 0
0bb8 1 2
0bb9 1 44
0bba 1 38
0bbb 1 31
0bbc 1 35
0bbd 1 30
0bbe 1 25
0bbf 1 120
0bc0 1 115
0bc1 1 135
0bc2 1 90
0bc3 1 0
0bc4 1 0
0bc5 1 0
0bc6 1 0
0bc7 1 0
0bc8 1 0
0bc9 1 0
0bca 1 0
0bcb 1 0
0bcc 1 0
0bcd 1 0
0bce 1 0
0bcf 1 5
0bd0 1 0
0bd1 1 0
0bd2 1 0
0bd3 1 0
0bd4 1 0
0bd5 1 0
0bd6 1 0
0bd7 1 0
0bd8 1 0
0bd9 1 0
0bda 1 0
0bdb 1 0
0bdc 1 0
0bdd 1 0
0bde 1 0
0bdf 1 35
0be0 1 103
0be1 1 86
0be2 1 0
0be3 1 0
0be4 1 0
0be5 1 4
0be6 1 0
0be7 1 1
0be8 1 0
0be9 1 0
0bea 1 0
0beb 1 0
0bec 1 0
0bed 1 0
0bee 1 0
0bef 1 0
0bf0 1 0
0bf1 1 0
0bf2 1 0
0bf3 1 0
0bf4 1 0
0bf5 1 0
0bf6 1 0
0bf7 1 0
0bf8 1 0
0bf9 1 0
0bfa 1 0
0bfb 1 0
0bfc 1 0
0bfd 1 0
0bfe 1 0
0bff 1 0
0c00 1 0
0c01 1 1
0c02 1 0
0c03 1 0
0c04 1 0
0c05 1 0
0c06 1 0
0c07 1 0
0c08 1 0
0c09 1 0
0c0a 1 0
0c0b 1 0
0c0c 1 0
0c0d 1 0
0c0e 1 0
0c0f 1 0
0c10 1 0
0c11 1 0
0c12 1 0
0c13 1 0
0c14 1 0
0c15 1 0
0c16 1 0
0c17 1 0
0c18 1 0
0c19 1 0
0c1a 1 0
0c1b 1 0
0c1c 1 0
0c1d 1 0
0c1e 1 0
0c1f 1 0
0c20 1 0
0c21 1 0
0c22 1 0
0c23 1 0
0c24 1 0
0c25 1 0
0c26 1 0
0c27 1 0
0c28 1 0
0c29 1 0
0c2a 1 0
0c2b 1 0
0c2c 1 0
0c2d 1 0
0c2e 1 0
0c2f 1 0
0c30 1 0
0c31 1 0
0c32 1 0
0c33 1 0
0c34 1 0
0c35 1 0
0c36 1 0
0c37 1 0
0c38 1 0
0c39 1 0
0c3a 1 0
0c3b 1 0
0c3c 1 0
0c3d 1 0
0c3e 1 0
0c3f 1 0
0c40 1 0
0c41 1 0
0c42 1 0
0c43 1 0
0c44 1 0
0c45 1 0
0c46 1 0
0c47 1 0
0c48 1 0
0c49 1 0
0c4a 1 0
0c4b 1 0
0c4c 1 0
0c4d 1 0
0c4e 1 0
0c4f 1 0
0c50 1 0
0c51 1 0
0c52 1 0
0c53 1 0
0c54 1 0
0c55 1 0
0c56 1 0
0c57 1 0
0c58 1 0
0c59 1 0
0c5a 1 0
0c5b 1 0
0c5c 1 112
0c5d 1 8
0c5e 1 140
0c5f 1 10
0c60 1 0
0c61 1 0
0c62 1 0
0c63 1 0
0c64 1 0
0c65 1 0
0c66 1 0
0c67 1 0
0c68 1 0
0c69 1 0
0c6a 1 0
0c6b 1 0
0c6c 1 1
0c6d 1 0
0c6e 1 0
0c6f 1 0
0c70 1 0
0c71 1 0
0c72 1 0
0c73 1 0
0c74 1 0
0c75 1 0
0c76 1 0
0c77 1 0
0c78 1 0
0c79 1 0
0c7a 1 0
0c7b 1 0
0c7c 1 0
0c7d 1 133
0c7e 1 0
0c7f 1 0
0c80 1 0
0c81 1 0
0c82 1 0
0c83 1 0
0c84 1 0
0c85 1 0
0c86 1 0
0c87 1 0
0c88 1 0
0c89 1 0
0c8a 1 0
0c8b 1 0
0c8c 1 0
0c8d 1 0
0c8e 1 0
0c8f 1 0
0c90 1 0
0c91 1 0
0c92 1 0
0c93 1 0
0c94 1 0
0c95 1 0
0c96 1 0
0c97 1 0
0c98 1 0
0c99 1 0
0c9a 1 0
0c9b 1 0
0c9c 1 0
0c9d 1 0
0c9e 1 0
0c9f 1 0
0ca0 1 0
0ca1 1 0
0ca2 1 0
0ca3 1 0
0ca4 1 0
0ca5 1 0
0ca6 1 0
0ca7 1 0
0ca8 1 0
0ca9 1 0
0caa 1 0
0cab 1 0
0cac 1 0
0cad 1 0
0cae 1 0
0caf 1 0
0cb0 1 0
0cb1 1 0
0cb2 1 0
0cb3 1 0
0cb4 1 0
0cb5 1 83
0cb6 1 85
0cb7 1 1
0cb8 1 0
0cb9 1 0
0cba 1 92
0cbb 1 98
0cbc 1 100
0cbd 1 60
0cbe 1 90
0cbf 1 95
0cc0 1 0
0cc1 1 0
0cc2 1 0
0cc3 1 0
0cc4 1 0
0cc5 1 0
0cc6 1 0
0cc7 1 0
0cc8 1 0
0cc9 1 0
0cca 1 0
0ccb 1 0
0ccc 1 0
0ccd 1 1
0cce 1 0
0ccf 1 0
0cd0 1 0
0cd1 1 0
0cd2 1 0
0cd3 1 0
0cd4 1 0
0cd5 1 0
0cd6 1 0
0cd7 1 0
0cd8 1 0
0cd9 1 0
0cda 1 0
0cdb 1 0
0cdc 1 0
0cdd 1 0
0cde 1 0
0cdf 1 0
0ce0 1 0
0ce1 1 0
0ce2 1 0
0ce3 1 0
0ce4 1 0
0ce5 1 0
0ce6 1 0
0ce7 1 0
0ce8 1 0
0ce9 1 0
0cea 1 0
0ceb 1 0
0cec 1 0
0ced 1 0
0cee 1 0
0cef 1 0
0cf0 1 0
0cf1 1 0
0cf2 1 0
0cf3 1 0
0cf4 1 0
0cf5 1 0
0cf6 1 138
0cf7 1 1
0cf8 1 0
0cf9 1 0
0cfa 1 0
0cfb 1 0
0cfc 1 0
0cfd 1 0
0cfe 1 0
0cff 1 0
0d00 1 37
0d01 1 97
0d02 1 115
0d03 1 117
0d04 1 115
0d05 1 32
0d06 1 101
0d07 1 99
0d08 1 32
0d09 1 108
0d0a 1 111
0d0b 1 103
0d0c 1 103
0d0d 1 101
0d0e 1 114
0d0f 1 37
0d10 1 0
0d11 1 4
0d12 1 0
0d13 1 0
0d14 1 0
0d15 1 4
0d16 1 0
0d17 1 0
0d18 1 0
0d19 1 0
0d1a 1 0
0d1b 1 0
0d1c 1 0
0d1d 1 0
0d1e 1 0
0d1f 1 0
0d20 1 0
0d21 1 0
0d22 1 0
0d23 1 0
0d24 1 0
0d25 1 0
0d26 1 0
0d27 1 0
0d28 1 0
0d29 1 0
0d2a 1 0
0d2b 1 0
0d2c 1 8
0d2d 1 0
0d2e 1 0
0d2f 1 0
0d30 1 0
0d31 1 0
0d32 1 0
0d33 1 0
0d34 1 35
0d35 1 0
0d36 1 0
0d37 1 0
0d38 1 0
0d39 1 0
0d3a 1 0
0d3b 1 0
0d3c 1 255
0d3d 1 0
0d3e 1 0
0d3f 1 0
0d40 1 0
0d41 1 0
0d42 1 0
0d43 1 0
0d44 1 0
0d45 1 0
0d46 1 0
0d47 1 0
0d48 1 0
0d49 1 0
0d4a 1 0
0d4b 1 0
0d4c 1 0
0d4d 1 0
0d4e 1 0
0d4f 1 0
0d50 1 0
0d51 1 255
0d52 1 255
0d53 1 255
0d54 1 0
0d55 1 0
0d56 1 0
0d57 1 0
0d58 1 0
0d59 1 0
0d5a 1 0
0d5b 1 0
0d5c 1 0
0d5d 1 0
0d5e 1 0
0d5f 1 0
0d60 1 0
0d61 1 0
0d62 1 0
0d63 1 0
0d64 1 0
0d65 1 0
0d66 1 0
0d67 1 0
0d68 1 0
0d69 1 0
0d6a 1 0
0d6b 1 0
0d6c 1 0
0d6d 1 0
0d6e 1 0
0d6f 1 0
0d70 1 0
0d71 1 0
0d72 1 0
0d73 1 0
0d74 1 0
0d75 1 0
0d76 1 0
0d77 1 0
0d78 1 0
0d79 1 0
0d7a 1 0
0d7b 1 0
0d7c 1 0
0d7d 1 0
0d7e 1 0
0d7f 1 1
0d80 1 6
0d81 1 0
0d82 1 0
0d83 1 0
0d84 1 0
0d85 1 0
0d86 1 0
0d87 1 0
0d88 1 0
0d89 1 0
0d8a 1 0
0d8b 1 0
0d8c 1 0
0d8d 1 0
0d8e 1 0
0d8f 1 0
0d90 1 0
0d91 1 0
0d92 1 0
0d93 1 0
0d94 1 0
0d95 1 0
0d96 1 0
0d97 1 0
0d98 1 0
0d99 1 0
0d9a 1 0
0d9b 1 0
0d9c 1 0
0d9d 1 0
0d9e 1 0
0d9f 1 0
0da0 1 0
0da1 1 0
0da2 1 0
0da3 1 0
0da4 1 0
0da5 1 0
0da6 1 0
0da7 1 0
0da8 1 0
0da9 1 0
0daa 1 0
0dab 1 0
0dac 1 0
0dad 1 0
0dae 1 0
0daf 1 0
0db0 1 0
0db1 1 0
0db2 1 0
0db3 1 0
0db4 1 0
0db5 1 0
0db6 1 0
0db7 1 0
0db8 1 0
0db9 1 0
0dba 1 0
0dbb 1 0
0dbc 1 0
0dbd 1 0
0dbe 1 0
0dbf 1 0
0dc0 1 0
0dc1 1 0
0dc2 1 0
0dc3 1 0
0dc4 1 0
0dc5 1 0
0dc6 1 0
0dc7 1 0
0dc8 1 0
0dc9 1 0
0dca 1 0
0dcb 1 0
0dcc 1 0
0dcd 1 0
0dce 1 0
0dcf 1 0
0dd0 1 0
0dd1 1 0
0dd2 1 0
0dd3 1 0
0dd4 1 0
0dd5 1 0
0dd6 1 0
0dd7 1 0
0dd8 1 0
0dd9 1 0
0dda 1 0
0ddb 1 0
0ddc 1 0
0ddd 1 0
0dde 1 0
0ddf 1 0
0de0 1 0
0de1 1 0
0de2 1 0
0de3 1 0
0de4 1 0
0de5 1 0
0de6 1 0
0de7 1 0
0de8 1 0
0de9 1 0
0dea 1 0
0deb 1 0
0dec 1 0
0ded 1 0
0dee 1 0
0def 1 0
0df0 1 0
0df1 1 0
0df2 1 0
0df3 1 0
0df4 1 0
0df5 1 0
0df6 1 0
0df7 1 0
0df8 1 0
0df9 1 0
0dfa 1 0
0dfb 1 0
0dfc 1 0
0dfd 1 0
0dfe 1 0
0dff 1 0
0e00 1 255
0e01 1 255
0e02 1 255
0e03 1 255
0e04 1 255
0e05 1 255
0e06 1 255
0e07 1 255
0e08 1 255
0e09 1 255
0e0a 1 255
0e0b 1 255
0e0c 1 255
0e0d 1 255
0e0e 1 255
0e0f 1 255
0e10 1 255
0e11 1 255
0e12 1 255
0e13 1 255
0e14 1 255
0e15 1 255
0e16 1 255
0e17 1 255
0e18 1 255
0e19 1 255
0e1a 1 255
0e1b 1 255
0e1c 1 255
0e1d 1 255
0e1e 1 255
0e1f 1 255
0e20 1 255
0e21 1 255
0e22 1 255
0e23 1 255
0e24 1 255
0e25 1 255
0e26 1 255
0e27 1 255
0e28 1 255
0e29 1 255
0e2a 1 255
0e2b 1 255
0e2c 1 255
0e2d 1 255
0e2e 1 255
0e2f 1 255
0e30 1 255
0e31 1 255
0e32 1 255
0e33 1 255
0e34 1 255
0e35 1 255
0e36 1 255
0e37 1 255
0e38 1 255
0e39 1 255
0e3a 1 255
0e3b 1 255
0e3c 1 255
0e3d 1 255
0e3e 1 255
0e3f 1 255
0e40 1 255
0e41 1 255
0e42 1 255
0e43 1 255
0e44 1 255
0e45 1 255
0e46 1 255
0e47 1 255
0e48 1 255
0e49 1 255
0e4a 1 255
0e4b 1 255
0e4c 1 255
0e4d 1 255
0e4e 1 255
0e4f 1 255
0e50 1 255
0e51 1 255
0e52 1 255
0e53 1 255
0e54 1 255
0e55 1 255
0e56 1 255
0e57 1 255
0e58 1 255
0e59 1 255
0e5a 1 255
0e5b 1 255
0e5c 1 255
0e5d 1 255
0e5e 1 255
0e5f 1 255
0e60 1 255
0e61 1 255
0e62 1 255
0e63 1 255
0e64 1 255
0e65 1 255
0e66 1 255
0e67 1 255
0e68 1 255
0e69 1 255
0e6a 1 255
0e6b 1 255
0e6c 1 255
0e6d 1 255
0e6e 1 255
0e6f 1 255
0e70 1 255
0e71 1 255
0e72 1 255
0e73 1 255
0e74 1 255
0e75 1 255
0e76 1 255
0e77 1 255
0e78 1 255
0e79 1 255
0e7a 1 255
0e7b 1 255
0e7c 1 255
0e7d 1 255
0e7e 1 255
0e7f 1 255
0e80 1 255
0e81 1 255
0e82 1 255
0e83 1 255
0e84 1 255
0e85 1 255
0e86 1 255
0e87 1 255
0e88 1 255
0e89 1 255
0e8a 1 255
0e8b 1 255
0e8c 1 255
0e8d 1 255
0e8e 1 255
0e8f 1 255
0e90 1 255
0e91 1 255
0e92 1 255
0e93 1 255
0e94 1 255
0e95 1 255
0e96 1 255
0e97 1 255
0e98 1 255
0e99 1 255
0e9a 1 255
0e9b 1 255
0e9c 1 255
0e9d 1 255
0e9e 1 255
0e9f 1 255
0ea0 1 255
0ea1 1 255
0ea2 1 255
0ea3 1 255
0ea4 1 255
0ea5 1 255
0ea6 1 255
0ea7 1 255
0ea8 1 255
0ea9 1 255
0eaa 1 255
0eab 1 255
0eac 1 255
0ead 1 255
0eae 1 255
0eaf 1 255
0eb0 1 255
0eb1 1 255
0eb2 1 255
0eb3 1 255
0eb4 1 255
0eb5 1 255
0eb6 1 255
0eb7 1 255
0eb8 1 255
0eb9 1 255
0eba 1 255
0ebb 1 255
0ebc 1 255
0ebd 1 255
0ebe 1 255
0ebf 1 255
0ec0 1 255
0ec1 1 255
0ec2 1 255
0ec3 1 255
0ec4 1 255
0ec5 1 255
0ec6 1 255
0ec7 1 255
0ec8 1 255
0ec9 1 255
0eca 1 255
0ecb 1 255
0ecc 1 255
0ecd 1 255
0ece 1 255
0ecf 1 255
0ed0 1 255
0ed1 1 255
0ed2 1 255
0ed3 1 255
0ed4 1 255
0ed5 1 255
0ed6 1 255
0ed7 1 255
0ed8 1 255
0ed9 1 255
0eda 1 255
0edb 1 255
0edc 1 255
0edd 1 255
0ede 1 255
0edf 1 255
0ee0 1 255
0ee1 1 255
0ee2 1 255
0ee3 1 255
0ee4 1 255
0ee5 1 255
0ee6 1 255
0ee7 1 255
0ee8 1 255
0ee9 1 255
0eea 1 255
0eeb 1 255
0eec 1 255
0eed 1 255
0eee 1 255
0eef 1 255
0ef0 1 255
0ef1 1 255
0ef2 1 255
0ef3 1 255
0ef4 1 255
0ef5 1 255
0ef6 1 255
0ef7 1 255
0ef8 1 255
0ef9 1 255
0efa 1 255
0efb 1 255
0efc 1 255
0efd 1 255
0efe 1 255
0eff 1 255
0f00 1 255
0f01 1 255
0f02 1 255
0f03 1 255
0f04 1 255
0f05 1 255
0f06 1 255
0f07 1 255
0f08 1 255
0f09 1 255
0f0a 1 255
0f0b 1 255
0f0c 1 255
0f0d 1 255
0f0e 1 255
0f0f 1 255
0f10 1 255
0f11 1 255
0f12 1 255
0f13 1 255
0f14 1 255
0f15 1 255
0f16 1 255
0f17 1 255
0f18 1 255
0f19 1 255
0f1a 1 255
0f1b 1 255
0f1c 1 255
0f1d 1 255
0f1e 1 255
0f1f 1 255
0f20 1 255
0f21 1 255
0f22 1 255
0f23 1 255
0f24 1 255
0f25 1 255
0f26 1 255
0f27 1 255
0f28 1 255
0f29 1 255
0f2a 1 255
0f2b 1 255
0f2c 1 255
0f2d 1 255
0f2e 1 255
0f2f 1 255
0f30 1 255
0f31 1 255
0f32 1 255
0f33 1 255
0f34 1 255
0f35 1 255
0f36 1 255
0f37 1 255
0f38 1 255
0f39 1 255
0f3a 1 255
0f3b 1 255
0f3c 1 255
0f3d 1 255
0f3e 1 255
0f3f 1 255
0f40 1 255
0f41 1 255
0f42 1 255
0f43 1 255
0f44 1 255
0f45 1 255
0f46 1 255
0f47 1 255
0f48 1 255
0f49 1 255
0f4a 1 255
0f4b 1 255
0f4c 1 255
0f4d 1 255
0f4e 1 255
0f4f 1 255
0f50 1 255
0f51 1 255
0f52 1 255
0f53 1 255
0f54 1 255
0f55 1 255
0f56 1 255
0f57 1 255
0f58 1 255
0f59 1 255
0f5a 1 255
0f5b 1 255
0f5c 1 255
0f5d 1 255
0f5e 1 255
0f5f 1 255
0f60 1 255
0f61 1 255
0f62 1 255
0f63 1 255
0f64 1 255
0f65 1 255
0f66 1 255
0f67 1 255
0f68 1 255
0f69 1 255
0f6a 1 255
0f6b 1 255
0f6c 1 255
0f6d 1 255
0f6e 1 255
0f6f 1 255
0f70 1 255
0f71 1 255
0f72 1 255
0f73 1 255
0f74 1 255
0f75 1 255
0f76 1 255
0f77 1 255
0f78 1 255
0f79 1 255
0f7a 1 255
0f7b 1 255
0f7c 1 255
0f7d 1 255
0f7e 1 255
0f7f 1 255
0f80 1 255
0f81 1 255
0f82 1 255
0f83 1 255
0f84 1 255
0f85 1 255
0f86 1 255
0f87 1 255
0f88 1 255
0f89 1 255
0f8a 1 255
0f8b 1 255
0f8c 1 255
0f8d 1 255
0f8e 1 255
0f8f 1 255
0f90 1 255
0f91 1 255
0f92 1 255
0f93 1 255
0f94 1 255
0f95 1 255
0f96 1 255
0f97 1 255
0f98 1 255
0f99 1 255
0f9a 1 255
0f9b 1 255
0f9c 1 255
0f9d 1 255
0f9e 1 255
0f9f 1 255
0fa0 1 255
0fa1 1 255
0fa2 1 255
0fa3 1 255
0fa4 1 255
0fa5 1 255
0fa6 1 255
0fa7 1 255
0fa8 1 255
0fa9 1 255
0faa 1 255
0fab 1 255
0fac 1 255
0fad 1 255
0fae 1 255
0faf 1 255
0fb0 1 255
0fb1 1 255
0fb2 1 255
0fb3 1 255
0fb4 1 255
0fb5 1 255
0fb6 1 255
0fb7 1 255
0fb8 1 255
0fb9 1 255
0fba 1 255
0fbb 1 255
0fbc 1 255
0fbd 1 255
0fbe 1 255
0fbf 1 255
0fc0 1 255
0fc1 1 255
0fc2 1 255
0fc3 1 255
0fc4 1 255
0fc5 1 255
0fc6 1 255
0fc7 1 255
0fc8 1 255
0fc9 1 255
0fca 1 255
0fcb 1 255
0fcc 1 255
0fcd 1 255
0fce 1 255
0fcf 1 255
0fd0 1 255
0fd1 1 255
0fd2 1 255
0fd3 1 255
0fd4 1 255
0fd5 1 255
0fd6 1 255
0fd7 1 255
0fd8 1 255
0fd9 1 255
0fda 1 255
0fdb 1 255
0fdc 1 255
0fdd 1 255
0fde 1 255
0fdf 1 255
0fe0 1 255
0fe1 1 255
0fe2 1 255
0fe3 1 255
0fe4 1 255
0fe5 1 255
0fe6 1 255
0fe7 1 255
0fe8 1 255
0fe9 1 255
0fea 1 255
0feb 1 255
0fec 1 255
0fed 1 255
0fee 1 255
0fef 1 255
0ff0 1 255
0ff1 1 255
0ff2 1 255
0ff3 1 255
0ff4 1 255
0ff5 1 255
0ff6 1 255
0ff7 1 255
0ff8 1 255
0ff9 1 255
0ffa 1 255
0ffb 1 255
0ffc 1 255
0ffd 1 255
0ffe 1 255
0fff 1 255
